190001190012    0.40
190101190112   -0.39
190201190212   -1.18
190301190312   -0.21
190401190412   -1.07
190501190512   -0.66
190601190612   -0.47
190701190712   -0.30
190801190812   -0.61
190901190912   -0.40
191001191012   -0.62
191101191112   -1.14
191201191212   -0.56
191301191312   -0.74
191401191412   -0.62
191501191512   -0.28
191601191612   -0.07
191701191712   -0.37
191801191812   -0.79
191901191912   -0.69
192001192012   -0.78
192101192112   -0.69
192201192212   -0.65
192301192312   -0.80
192401192412   -0.21
192501192512   -1.14
192601192612   -0.31
192701192712   -0.46
192801192812   -0.55
192901192912   -0.78
193001193012   -0.92
193101193112   -0.10
193201193212   -0.80
193301193312   -0.58
193401193412   -0.64
193501193512   -0.56
193601193612   -0.50
193701193712   -0.81
193801193812   -0.13
193901193912   -0.74
194001194012   -0.42
194101194112   -0.13
194201194212    0.15
194301194312   -0.19
194401194412   -0.22
194501194512   -0.14
194601194612   -0.09
194701194712   -0.58
194801194812   -0.68
194901194912   -0.95
195001195012   -0.48
195101195112   -0.58
195201195212   -0.14
195301195312   -0.35
195401195412   -0.43
195501195512   -0.53
195601195612   -0.11
195701195712   -0.35
195801195812    0.14
195901195912   -0.30
196001196012   -0.09
196101196112   -0.51
196201196212   -0.11
196301196312   -0.40
196401196412    0.13
196501196512   -0.68
196601196612   -0.55
196701196712   -0.51
196801196812   -0.03
196901196912    0.16
197001197012    0.50
197101197112    0.23
197201197212   -0.27
197301197312    0.67
197401197412   -0.13
197501197512    0.17
197601197612   -0.19
197701197712   -0.05
197801197812    0.08
197901197912   -0.09
198001198012    0.03
198101198112    0.32
198201198212   -0.36
198301198312    0.27
198401198412   -0.07
198501198512    0.07
198601198612    0.43
198701198712    0.24
198801198812    0.47
198901198912    0.08
199001199012    0.09
199101199112   -0.26
199201199212    0.06
199301199312    0.04
199401199412   -0.15
199501199512    0.23
199601199612    0.38
199701199712   -0.25
199801199812    0.93
199901199912   -0.00
200001200012   -0.20
200101200112    0.21
200201200212    0.53
200301200312    0.49
200401200412    0.37
200501200512    0.44
200601200612   -0.01
200701200712   -0.01
200801200812    0.01
200901200912    0.38
201001201012    0.73
201101201112   -0.02
201201201212    0.08
201301201312    0.13
201401201412    0.10
201501201512    0.47
201601201612    1.03
201701201712    0.75
